51.2820549
49.75124359
49.75124359
49.75124359
49.75124359
49.75124359
49.75124359
49.75124359
49.75124359
49.75124359
49.75124359
50
50
50
50
50
50
50
50
50
50
49.75124359
49.75124359
49.75124359
49.75124359
49.75124359
49.75124359
49.75124359
49.75124359
49.75124359
49.75124359
49.50494766
49.50494766
49.50494766
49.50494766
49.50494766
49.50494766
49.50494766
49.50494766
49.50494766
49.50494766
50.50505066
50.50505066
50.50505066
50.50505066
50.50505066
50.50505066
50.50505066
50.50505066
50.50505066
50.50505066
49.75124359
49.75124359
49.75124359
49.75124359
49.75124359
49.75124359
49.75124359
49.75124359
49.75124359
49.75124359
51.81346893
51.81346893
51.81346893
51.81346893
51.81346893
51.81346893
51.81346893
51.81346893
51.81346893
51.81346893
49.26108551
49.26108551
49.26108551
49.26108551
49.26108551
49.26108551
49.26108551
49.26108551
49.26108551
49.26108551
50.50505066
50.50505066
50.50505066
50.50505066
50.50505066
50.50505066
50.50505066
50.50505066
50.50505066
50.50505066
48.78048706
48.78048706
48.78048706
48.78048706
48.78048706
48.78048706
48.78048706
48.78048706
48.78048706
48.78048706
51.02040863
51.02040863
51.02040863
51.02040863
51.02040863
51.02040863
51.02040863
51.02040863
51.02040863
51.02040863
49.75124359
49.75124359
49.75124359
49.75124359
49.75124359
49.75124359
49.75124359
49.75124359
49.75124359
49.75124359
44.6428566
44.6428566
44.6428566
44.6428566
44.6428566
44.6428566
44.6428566
44.6428566
44.6428566
44.6428566
48.54368973
48.54368973
48.54368973
48.54368973
48.54368973
48.54368973
48.54368973
48.54368973
48.54368973
48.54368973
49.50494766
49.50494766
49.50494766
49.50494766
49.50494766
49.50494766
49.50494766
49.50494766
49.50494766
49.50494766
51.81346893
51.81346893
51.81346893
51.81346893
51.81346893
51.81346893
51.81346893
51.81346893
51.81346893
51.81346893
49.75124359
49.75124359
49.75124359
49.75124359
49.75124359
49.75124359
49.75124359
49.75124359
49.75124359
49.75124359
48.3091774
48.3091774
48.3091774
48.3091774
48.3091774
48.3091774
48.3091774
48.3091774
48.3091774
48.3091774
51.02040863
51.02040863
51.02040863
51.02040863
51.02040863
51.02040863
51.02040863
51.02040863
51.02040863
51.02040863
49.75124359
49.75124359
49.75124359
49.75124359
49.75124359
49.75124359
49.75124359
49.75124359
49.75124359
49.75124359
51.02040863
51.02040863
51.02040863
51.02040863
51.02040863
51.02040863
51.02040863
51.02040863
51.02040863
51.02040863
50
50
50
50
50
50
50
50
50
50
47.61904907
47.61904907
47.61904907
47.61904907
47.61904907
47.61904907
47.61904907
47.61904907
47.61904907
47.61904907
50
50
50
50
50
50
50
50
50
50
51.54639053
51.54639053
51.54639053
51.54639053
51.54639053
51.54639053
51.54639053
51.54639053
51.54639053
51.54639053
51.2820549
51.2820549
51.2820549
51.2820549
51.2820549
51.2820549
51.2820549
51.2820549
51.2820549
51.2820549
49.75124359
49.75124359
49.75124359
49.75124359
49.75124359
49.75124359
49.75124359
49.75124359
49.75124359
49.75124359
49.50494766
49.50494766
49.50494766
49.50494766
49.50494766
49.50494766
49.50494766
49.50494766
49.50494766
49.50494766
49.75124359
49.75124359
49.75124359
49.75124359
49.75124359
49.75124359
49.75124359
49.75124359
49.75124359
49.75124359
49.75124359
49.75124359
49.75124359
49.75124359
49.75124359
49.75124359
49.75124359
49.75124359
49.75124359
49.75124359
51.02040863
51.02040863
51.02040863
51.02040863
51.02040863
51.02040863
51.02040863
51.02040863
51.02040863
51.02040863
50
50
50
50
50
50
50
50
50
50
50
50
50
50
50
50
50
50
50
50
50.25125504
50.25125504
50.25125504
50.25125504
50.25125504
50.25125504
50.25125504
50.25125504
50.25125504
50.25125504
48.78048706
48.78048706
48.78048706
48.78048706
48.78048706
48.78048706
48.78048706
48.78048706
48.78048706
48.78048706
51.2820549
51.2820549
51.2820549
51.2820549
51.2820549
51.2820549
51.2820549
51.2820549
51.2820549
51.2820549
49.01960754
49.01960754
49.01960754
49.01960754
49.01960754
49.01960754
49.01960754
49.01960754
49.01960754
49.01960754
49.75124359
49.75124359
49.75124359
49.75124359
49.75124359
49.75124359
49.75124359
49.75124359
49.75124359
49.75124359
49.75124359
49.75124359
49.75124359
49.75124359
49.75124359
49.75124359
49.75124359
49.75124359
49.75124359
49.75124359
50.7614212
50.7614212
50.7614212
50.7614212
50.7614212
50.7614212
50.7614212
50.7614212
50.7614212
50.7614212
51.2820549
51.2820549
51.2820549
51.2820549
51.2820549
51.2820549
51.2820549
51.2820549
51.2820549
51.2820549
49.75124359
49.75124359
49.75124359
49.75124359
49.75124359
49.75124359
49.75124359
49.75124359
49.75124359
49.75124359
49.75124359
49.75124359
49.75124359
49.75124359
49.75124359
49.75124359
49.75124359
49.75124359
49.75124359
49.75124359
49.50494766
49.50494766
49.50494766
49.50494766
49.50494766
49.50494766
49.50494766
49.50494766
49.50494766
49.50494766
42.91845703
42.91845703
42.91845703
42.91845703
42.91845703
42.91845703
42.91845703
42.91845703
42.91845703
42.91845703
51.02040863
51.02040863
51.02040863
51.02040863
51.02040863
51.02040863
51.02040863
51.02040863
51.02040863
51.02040863
49.50494766
49.50494766
49.50494766
49.50494766
49.50494766
49.50494766
49.50494766
49.50494766
49.50494766
49.50494766
49.50494766
49.50494766
49.50494766
49.50494766
49.50494766
49.50494766
49.50494766
49.50494766
49.50494766
49.50494766
49.75124359
49.75124359
49.75124359
49.75124359
49.75124359
49.75124359
49.75124359
49.75124359
49.75124359
49.75124359
51.02040863
51.02040863
51.02040863
51.02040863
51.02040863
51.02040863
51.02040863
51.02040863
51.02040863
51.02040863
49.50494766
49.50494766
49.50494766
49.50494766
49.50494766
49.50494766
49.50494766
49.50494766
49.50494766
49.50494766
49.75124359
49.75124359
49.75124359
49.75124359
49.75124359
49.75124359
49.75124359
49.75124359
49.75124359
49.75124359
49.50494766
49.50494766
49.50494766
49.50494766
49.50494766
49.50494766
49.50494766
49.50494766
49.50494766
49.50494766
49.50494766
49.50494766
49.50494766
49.50494766
49.50494766
49.50494766
49.50494766
49.50494766
49.50494766
49.50494766
51.54639053
51.54639053
51.54639053
51.54639053
51.54639053
51.54639053
51.54639053
51.54639053
51.54639053
51.54639053
50.25125504
50.25125504
50.25125504
50.25125504
50.25125504
50.25125504
50.25125504
50.25125504
50.25125504
50.25125504
47.16981125
47.16981125
47.16981125
47.16981125
47.16981125
47.16981125
47.16981125
47.16981125
47.16981125
47.16981125
53.19149017
53.19149017
53.19149017
53.19149017
53.19149017
53.19149017
53.19149017
53.19149017
53.19149017
53.19149017
50
50
50
50
50
50
50
50
50
50
49.75124359
49.75124359
49.75124359
49.75124359
49.75124359
49.75124359
49.75124359
49.75124359
49.75124359
49.75124359
49.75124359
49.75124359
49.75124359
49.75124359
49.75124359
49.75124359
49.75124359
49.75124359
49.75124359
49.75124359
42.91845703
42.91845703
42.91845703
42.91845703
42.91845703
42.91845703
42.91845703
42.91845703
42.91845703
42.91845703
49.75124359
49.75124359
49.75124359
49.75124359
49.75124359
49.75124359
49.75124359
49.75124359
49.75124359
49.75124359
49.75124359
49.75124359
49.75124359
49.75124359
49.75124359
49.75124359
49.75124359
49.75124359
49.75124359
49.75124359
50
50
50
50
50
50
50
50
50
50
51.02040863
51.02040863
51.02040863
51.02040863
51.02040863
51.02040863
51.02040863
51.02040863
51.02040863
51.02040863
49.75124359
49.75124359
49.75124359
49.75124359
49.75124359
49.75124359
49.75124359
49.75124359
49.75124359
49.75124359
50
50
50
50
50
50
50
50
50
50
49.75124359
49.75124359
49.75124359
49.75124359
49.75124359
49.75124359
49.75124359
49.75124359
49.75124359
49.75124359
49.50494766
49.50494766
49.50494766
49.50494766
49.50494766
49.50494766
49.50494766
49.50494766
49.50494766
49.50494766
51.2820549
51.2820549
51.2820549
51.2820549
51.2820549
51.2820549
51.2820549
51.2820549
51.2820549
51.2820549
49.50494766
49.50494766
49.50494766
49.50494766
49.50494766
49.50494766
49.50494766
49.50494766
49.50494766
49.50494766
49.75124359
49.75124359
49.75124359
49.75124359
49.75124359
49.75124359
49.75124359
49.75124359
49.75124359
49.75124359
49.50494766
49.50494766
49.50494766
49.50494766
49.50494766
49.50494766
49.50494766
49.50494766
49.50494766
49.50494766
51.2820549
51.2820549
51.2820549
51.2820549
51.2820549
51.2820549
51.2820549
51.2820549
51.2820549
51.2820549
50
50
50
50
50
50
50
50
50
50
49.50494766
49.50494766
49.50494766
49.50494766
49.50494766
49.50494766
49.50494766
49.50494766
49.50494766
49.50494766
49.75124359
49.75124359
49.75124359
49.75124359
49.75124359
49.75124359
49.75124359
49.75124359
49.75124359
49.75124359
51.02040863
51.02040863
51.02040863
51.02040863
51.02040863
51.02040863
51.02040863
51.02040863
51.02040863
51.02040863
48.07692337
48.07692337
48.07692337
48.07692337
48.07692337
48.07692337
48.07692337
48.07692337
48.07692337
48.07692337
51.81346893
51.81346893
51.81346893
51.81346893
51.81346893
51.81346893
51.81346893
51.81346893
51.81346893
51.81346893
49.01960754
49.01960754
49.01960754
49.01960754
49.01960754
49.01960754
49.01960754
49.01960754
49.01960754
49.01960754
51.2820549
51.2820549
51.2820549
51.2820549
51.2820549
51.2820549
51.2820549
51.2820549
51.2820549
51.2820549
49.75124359
49.75124359
49.75124359
49.75124359
49.75124359
49.75124359
49.75124359
49.75124359
49.75124359
49.75124359
49.26108551
49.26108551
49.26108551
49.26108551
49.26108551
49.26108551
49.26108551
49.26108551
49.26108551
49.26108551
50.25125504
50.25125504
50.25125504
50.25125504
50.25125504
50.25125504
50.25125504
50.25125504
50.25125504
50.25125504
47.8468895
47.8468895
47.8468895
47.8468895
47.8468895
47.8468895
47.8468895
47.8468895
47.8468895
47.8468895
53.19149017
53.19149017
53.19149017
53.19149017
53.19149017
53.19149017
53.19149017
53.19149017
53.19149017
53.19149017
47.8468895
47.8468895
47.8468895
47.8468895
47.8468895
47.8468895
47.8468895
47.8468895
47.8468895
47.8468895
49.75124359
49.75124359
49.75124359
49.75124359
49.75124359
49.75124359
49.75124359
49.75124359
49.75124359
49.75124359
52.63158035
52.63158035
52.63158035
52.63158035
52.63158035
52.63158035
52.63158035
52.63158035
52.63158035
52.63158035
49.75124359
49.75124359
49.75124359
49.75124359
49.75124359
49.75124359
49.75124359
49.75124359
49.75124359
49.75124359
50
50
50
50
50
50
50
50
50
50
50
50
50
50
50
50
50
50
50
50
50
50
50
50
50
50
50
50
50
50
49.50494766
49.50494766
49.50494766
49.50494766
49.50494766
49.50494766
49.50494766
49.50494766
49.50494766
49.50494766
49.75124359
49.75124359
49.75124359
49.75124359
49.75124359
49.75124359
49.75124359
49.75124359
49.75124359
49.75124359
51.2820549
51.2820549
51.2820549
51.2820549
51.2820549
51.2820549
51.2820549
51.2820549
51.2820549
51.2820549
49.75124359
49.75124359
49.75124359
49.75124359
49.75124359
49.75124359
49.75124359
49.75124359
49.75124359
49.75124359
49.26108551
49.26108551
49.26108551
49.26108551
49.26108551
49.26108551
49.26108551
49.26108551
49.26108551
49.26108551
51.2820549
51.2820549
51.2820549
51.2820549
51.2820549
51.2820549
51.2820549
51.2820549
51.2820549
51.2820549
49.01960754
49.01960754
49.01960754
49.01960754
49.01960754